20240101000008
20240101000009
20240101000010
20240101000011
20240101000012
20240101000013
20250109000001
20250109000002
20250109000003
20250109000004
20250109000005
20250109000006
20250109000010
20250109000011
20250109000012
20250110000000
20250110120000
20250115000001
20250122000000
20250902032410
20250902032710
20250902040127
20250902040221
20250902040322
20250902040545
20250902040715
20250902040739
20250902040832
20250902041722
20250902041759
20250902041832
20250902042122
20250902042233
20250902055408
20250902060425
20250902120157
20250902121618
20250902133133
20250902134608
20250902135252
20250902135739
20250902135943
20250902141231
20250902141318
20250902141825
20250902141857
20250902142346
20250902142717
20250903161931
20250903161959
20250903162021
20250905080044
20250905125719
20250905125913
20250907042056
20250907042129
20251006203339
20251006203521
20251006211930
20251006215134
20251006223124
20251006224231
20251006224658
20251006225028
20251006225100
20251007022615
20251007022855
20251007023056
20251007024159
20251007025629
20251007030018
20251007030636
20251007031026
20251007032050
20251008023112
20251017191121
20251017225840
20251019154800
20251020160903
20251020172354
20251020175735
20251020183415
20251020184421
20251020185509
20251020194013
20251020232823
20251022061935
20251023001535
20251023135419
20251030050636
20251031044754
20251103133526
20251104164108
20251104165035
20251113032342
20251118051729
20251118055649
20251119140213
20251119140243
20251119142503
20251123235548
20251124002306
20251124140847
20251203124407
20251203213037
20251204010246
20251205124124
20251205125600
20251205150818
20251212121916
20251212124822
20251212125705
20251213155431
20251216031534
20251218044247
20251218044319
20251218045440
20251218115852
20251218133840
20251218203433
20251218212147
20251219005432
20251219010902
20251219012615
20251219013025
20251219014957
20251219044315
20251225041003
20251225100000
20251225110000
20251225120000
20251225130000
20251225200000
20251225200001
20251225200002
20260102214248
20260102232026
20260103001039
20260104000000
20260106050141
20260107023037
20260107183100
20260107193500
20260107194600
20260107200000
20260107200001
20260107200002
20260107203000
20260107210000
20260107210001
20260107220000
20260107220001
20260107223000
20260107230000
20260107233000
20260108050000
20260108060000
20260108110000
20260108123000
20260108131000
20260108140000
20260108160000
20260108170000
20260108180000
20260108180001
20260108180002
20260108180003
20260108190000
20260109000000
20260109000001
20260109034358
20260109120000
20260109180000
20260109200000
20260109210000
20260109210001
20260109210002
20260109210005
20260109220000
20260109220001
20260109220002
20260111000000
20260111235000
20260112000001
20260112200000
20260113125057
20260113140000
20260113142320
20260113150000
20260113160000
20260113170000
20260113180000
20260113190000
20260113190001
20260113200000
20260113210000
20260113220000
20260113224800
20260113230000
20260113231000
20260113232000
20260113233000
20260114000000
20260114100000
20260114150000
20260114150001
20260114150002
20260114150003
20260114150004
20260114150005
20260114160000
20260114170000
20260114172544
20260114174522
20260114195000
20260114200000
20260114200001
20260115010000
20260115153114
20260116160000
20260116170000
20260116180000
20260120000001
20260120000002
20260125000000
20260126000000
20260126000001
20260126000002
20260126100000
20260126100001
20260126100002
20260126120000
20260127000000
20260127000002
20260127000003
20260127120000
20260128000000
20260301000000
20260301000001
20260302000000
20260303000000
20260304000000
